   381610.00000   1017499.00000         1.41483
   381610.00000   1017514.00000         1.49554
   381610.00000   1017529.00000         1.39008
   381610.00000   1017544.00000         1.34625
   381610.00000   1017559.00000         1.43584
   381610.00000   1017574.00000         1.46011
   381610.00000   1017589.00000         1.55699
   381610.00000   1017634.00000         1.51409
   381610.00000   1017649.00000         1.43514
   381610.00000   1017664.00000         1.29149
   381610.00000   1017679.00000         1.36358
   381610.00000   1017694.00000         1.34935
   381610.00000   1017709.00000         1.43980
   381610.00000   1017724.00000         1.45940
   381610.00000   1017739.00000         1.35258
   381610.00000   1017754.00000         1.31323
   381610.00000   1017769.00000         1.38933
   381610.00000   1017784.00000         1.49487
   381610.00000   1017799.00000         1.37247
   381610.00000   1017814.00000         1.45114
   381610.00000   1017829.00000         1.32032
   381610.00000   1017844.00000         1.46544
   381610.00000   1017859.00000         1.35396
   381610.00000   1017874.00000         1.46692
   381610.00000   1017889.00000         1.29755
   381610.00000   1017904.00000         1.34844
   381610.00000   1017919.00000         1.30332
   381610.00000   1017934.00000         1.37737
   381610.00000   1017949.00000         1.32864
   381610.00000   1017964.00000         1.37280
   381610.00000   1017979.00000         1.29014
   381610.00000   1017994.00000         1.31371
   381610.00000   1018009.00000         1.33396
   381610.00000   1018024.00000         1.68089
   381610.00000   1018039.00000         1.55854
   381610.00000   1018054.00000         1.58535
   381610.00000   1018069.00000         1.50010
   381610.00000   1018084.00000         1.41427
   381610.00000   1018099.00000         1.36528
   381610.00000   1018114.00000         1.45357
   381610.00000   1018129.00000         1.37718
   381610.00000   1018144.00000         1.37779
   381610.00000   1018159.00000         1.36342
   381610.00000   1018174.00000         1.35980
   381610.00000   1018189.00000         1.29679
   381610.00000   1018204.00000         1.32946
   381610.00000   1018219.00000         1.29501
   381610.00000   1018234.00000         1.27626
   381610.00000   1018249.00000         1.29752
   381610.00000   1018264.00000         1.35035
   381610.00000   1018279.00000         1.28380
   381610.00000   1018294.00000         1.25455
   381610.00000   1018309.00000         1.27420
   381610.00000   1018324.00000         1.39954
   381610.00000   1018339.00000         1.25000
   381610.00000   1018354.00000         1.28493
   381610.00000   1018369.00000         1.27959
   381610.00000   1018384.00000         1.28609
   381610.00000   1018399.00000         1.33375
   381610.00000   1018414.00000         1.33691
   381610.00000   1018429.00000         1.34996
   381610.00000   1018444.00000         1.37014
   381610.00000   1018459.00000         1.39499
   381610.00000   1018684.00000         1.31116
   381610.00000   1018699.00000         1.32285
   381610.00000   1018714.00000         1.28434
   381610.00000   1018729.00000         1.30886
   381610.00000   1018744.00000         1.38359
   381610.00000   1018759.00000         1.31083
   381610.00000   1018774.00000         1.44192
   381610.00000   1018789.00000         1.43333
   381610.00000   1018804.00000         1.27569
   381610.00000   1018819.00000         1.33843
   381610.00000   1018834.00000         1.30534
   381610.00000   1018849.00000         1.28435
   381610.00000   1018864.00000         1.30399
   381610.00000   1018879.00000         1.42229
   381610.00000   1018894.00000         1.31013
   381610.00000   1018909.00000         1.27223
   381610.00000   1018924.00000         1.22196
   381610.00000   1018939.00000         1.44698
   381610.00000   1018954.00000         1.34938
   381610.00000   1018969.00000         1.35791
   381610.00000   1018984.00000         1.37167
   381610.00000   1018999.00000         1.25856
   381610.00000   1019014.00000         1.21865
   381610.00000   1019029.00000         1.22582
   381610.00000   1019044.00000         1.34198
   381610.00000   1019059.00000         1.36807
   381610.00000   1019074.00000         1.33922
   381610.00000   1019089.00000         1.35472
   381610.00000   1019104.00000         1.31650
   381610.00000   1019119.00000         1.30975
   381610.00000   1019134.00000         1.53388
   381610.00000   1019149.00000         1.51971
   381610.00000   1019164.00000         1.45942
   381610.00000   1019179.00000         1.44725
   381610.00000   1019194.00000         1.43240
   381610.00000   1019209.00000         1.41978
   381610.00000   1019224.00000         1.45566
   381610.00000   1019239.00000         1.37436
   381610.00000   1019254.00000         1.42596
   381610.00000   1019269.00000         1.42734
   381610.00000   1019284.00000         1.48240
   381610.00000   1019299.00000         1.42757
   381610.00000   1019314.00000         1.39434
   381610.00000   1019329.00000         1.46867
   381610.00000   1019344.00000         1.31617
   381610.00000   1019359.00000         1.38512
   381610.00000   1019374.00000         1.39588
   381610.00000   1019389.00000         1.37072
   381610.00000   1019404.00000         1.33900
   381610.00000   1019419.00000         1.31620
   381610.00000   1019434.00000         1.23069
   381610.00000   1019449.00000         1.24143
   381610.00000   1019464.00000         1.28948
   381610.00000   1019479.00000         1.29133
   381610.00000   1019494.00000         1.27508
   381610.00000   1019509.00000         1.23919
   381610.00000   1019524.00000         1.46617
   381610.00000   1019614.00000         1.30244
   381610.00000   1019644.00000         1.21858
   381610.00000   1019659.00000         1.27262
   381610.00000   1019674.00000         1.35072
   381610.00000   1019689.00000         1.44773
   381610.00000   1019704.00000         1.25090
   381610.00000   1019719.00000         1.31716
   381610.00000   1019734.00000         1.37546
   381610.00000   1019749.00000         1.31565
   381610.00000   1019764.00000         1.24994
   381610.00000   1019779.00000         1.26185
   381610.00000   1019794.00000         1.31294
   381610.00000   1019809.00000         1.30306
   381610.00000   1019824.00000         1.29239
   381610.00000   1019839.00000         1.26795
   381610.00000   1019854.00000         1.31038
   381610.00000   1019869.00000         1.45486
   381610.00000   1019884.00000         1.32964
   381610.00000   1019899.00000         1.36577
   381610.00000   1019914.00000         1.36706
   381610.00000   1019929.00000         1.42070
   381610.00000   1019944.00000         1.42935
   381610.00000   1019959.00000         1.54260
   381610.00000   1019974.00000         1.61010
   381610.00000   1019989.00000         1.34712
   381610.00000   1020004.00000         1.48470
   381610.00000   1020019.00000         1.43991
   381610.00000   1020064.00000         1.46570
   381610.00000   1020079.00000         1.44764
   381610.00000   1020094.00000         1.44725
   381610.00000   1020109.00000         1.30773
   381610.00000   1020124.00000         1.42525
   381610.00000   1020139.00000         1.45922
   381610.00000   1020154.00000         1.58715
   381610.00000   1020169.00000         1.57952
   381610.00000   1020184.00000         1.65799
   381610.00000   1020199.00000         1.45529
   381610.00000   1020214.00000         1.47192
   381610.00000   1020229.00000         1.33771
   381610.00000   1020244.00000         1.43386
   381610.00000   1020259.00000         1.29052
   381610.00000   1020274.00000         1.31198
   381610.00000   1020289.00000         1.27987
   381610.00000   1020304.00000         1.32252
   381610.00000   1020319.00000         1.24104
   381610.00000   1020334.00000         1.28007
   381610.00000   1020349.00000         1.25945
   381610.00000   1020364.00000         1.39982
   381610.00000   1020394.00000         1.39440
   381610.00000   1020409.00000         1.33695
   381610.00000   1020424.00000         1.41868
   381610.00000   1020439.00000         1.38339
   381610.00000   1020454.00000         1.34098
   381610.00000   1020469.00000         1.30221
   381610.00000   1020484.00000         1.34250
   381610.00000   1020499.00000         1.35581
   381610.00000   1020514.00000         1.44905
   381610.00000   1020529.00000         1.26346
   381610.00000   1020544.00000         1.26276
   381610.00000   1020559.00000         1.29788
   381610.00000   1020574.00000         1.30630
   381610.00000   1020589.00000         1.24997
   381610.00000   1020604.00000         1.23982
   381610.00000   1020619.00000         1.24327
   381610.00000   1020634.00000         1.26229
   381610.00000   1020649.00000         1.28701
   381610.00000   1020664.00000         1.28982
   381610.00000   1020679.00000         1.23757
   381610.00000   1020694.00000         1.34805
   381610.00000   1020709.00000         1.24671
   381610.00000   1020724.00000         1.18126
   381610.00000   1020739.00000         1.18431
   381610.00000   1020754.00000         1.26094
   381610.00000   1020769.00000         1.21394
   381610.00000   1020784.00000         1.24366
   381610.00000   1020799.00000         1.18960
   381610.00000   1020814.00000         1.30121
   381610.00000   1020829.00000         1.30329
   381610.00000   1020844.00000         1.31758
   381610.00000   1020859.00000         1.26405
   381610.00000   1020874.00000         1.26154
   381610.00000   1020889.00000         1.22301
   381610.00000   1020904.00000         1.23522
   381610.00000   1020919.00000         1.18718
   381610.00000   1020934.00000         1.19293
   381610.00000   1020949.00000         1.16274
   381610.00000   1020964.00000         1.12934
   381610.00000   1020979.00000         1.15759
   381610.00000   1020994.00000         1.21262
   381610.00000   1021009.00000         1.18735
   381610.00000   1021024.00000         1.20650
   381610.00000   1021039.00000         1.29273
   381610.00000   1021054.00000         1.26175
   381610.00000   1021069.00000         1.25356
   381610.00000   1021084.00000         1.32647
   381610.00000   1021099.00000         1.28288
   381610.00000   1021114.00000         1.28139
   381610.00000   1021129.00000         1.30572
   381610.00000   1021144.00000         1.25779
   381610.00000   1021159.00000         1.22853
   381610.00000   1021174.00000         1.25515
   381610.00000   1021189.00000         1.18874
   381610.00000   1021204.00000         1.18981
   381610.00000   1021219.00000         1.17505
   381610.00000   1021234.00000         1.17402
   381610.00000   1021249.00000         1.18913
   381610.00000   1021264.00000         1.15266
   381610.00000   1021279.00000         1.19893
   381610.00000   1021294.00000         1.17691
   381610.00000   1021309.00000         1.19397
   381610.00000   1021324.00000         1.26001
   381610.00000   1021339.00000         1.25697
   381610.00000   1021354.00000         1.23062
   381610.00000   1021369.00000         1.25122
   381610.00000   1021384.00000         1.27298
   381610.00000   1021399.00000         1.31425
   381610.00000   1021414.00000         1.24797
   381610.00000   1021429.00000         1.23351
   381610.00000   1021444.00000         1.25192
   381610.00000   1021459.00000         1.26019
   381610.00000   1021474.00000         1.32886
   381610.00000   1021489.00000         1.31007
   381610.00000   1021504.00000         1.30518
   381610.00000   1021519.00000         1.28100
   381610.00000   1021534.00000         1.38455
   381610.00000   1021549.00000         1.38308
   381610.00000   1021564.00000         1.36565
   381610.00000   1021579.00000         1.31424
   381610.00000   1021594.00000         1.29320
   381610.00000   1021609.00000         1.25694
   381610.00000   1021624.00000         1.23615
   381610.00000   1021639.00000         1.21383
   381610.00000   1021654.00000         1.22912
   381610.00000   1021669.00000         1.27766
   381610.00000   1021684.00000         1.28502
   381610.00000   1021699.00000         1.24325
   381610.00000   1021714.00000         1.26887
   381610.00000   1021729.00000         1.27889
   381610.00000   1021744.00000         1.28752
   381610.00000   1021759.00000         1.28845
   381610.00000   1021774.00000         1.25385
   381610.00000   1021789.00000         1.27367
   381610.00000   1021804.00000         1.31661
   381610.00000   1021819.00000         1.38670
   381610.00000   1021834.00000         1.30463
   381610.00000   1021849.00000         1.27744
   381610.00000   1021864.00000         1.28976
   381610.00000   1021879.00000         1.27409
   381610.00000   1021894.00000         1.28648
   381610.00000   1021909.00000         1.29810
   381610.00000   1021924.00000         1.25165
   381610.00000   1021939.00000         1.17962
   381610.00000   1021954.00000         1.14821
   381610.00000   1021969.00000         1.15861
   381610.00000   1021984.00000         1.21953
   381610.00000   1021999.00000         1.21857
   381610.00000   1022014.00000         1.27261
   381610.00000   1022029.00000         1.23283
   381610.00000   1022044.00000         1.30783
   381610.00000   1022059.00000         1.30637
   381610.00000   1022074.00000         1.23107
   381610.00000   1022089.00000         1.33302
   381610.00000   1022104.00000         1.26812
   381610.00000   1022119.00000         1.30759
   381610.00000   1022134.00000         1.30031
   381610.00000   1022149.00000         1.30621
   381610.00000   1022164.00000         1.31026
   381610.00000   1022179.00000         1.31497
   381610.00000   1022194.00000         1.37836
   381610.00000   1022209.00000         1.41446
   381610.00000   1022224.00000         1.31572
   381610.00000   1022239.00000         1.25022
   381610.00000   1022254.00000         1.34518
   381610.00000   1022269.00000         1.42298
   381610.00000   1022284.00000         1.47436
   381610.00000   1022299.00000         1.36645
   381610.00000   1022314.00000         1.21949
   381610.00000   1022329.00000         1.19747
   381610.00000   1022344.00000         1.23119
   381610.00000   1022359.00000         1.23746
   381610.00000   1022374.00000         1.32844
   381610.00000   1022389.00000         1.36741
   381610.00000   1022404.00000         1.33838
   381610.00000   1022419.00000         1.32245
   381610.00000   1022434.00000         1.43662
   381610.00000   1022449.00000         1.37921
   381610.00000   1022464.00000         1.36067
   381610.00000   1022479.00000         1.42103
   381610.00000   1022494.00000         1.44318
   381610.00000   1022509.00000         1.41860
   381610.00000   1022524.00000         1.40361
   381610.00000   1022539.00000         1.36803
   381610.00000   1022554.00000         1.30415
   381610.00000   1022569.00000         1.26559
   381610.00000   1022584.00000         1.31424
   381610.00000   1022599.00000         1.25774
   381610.00000   1022614.00000         1.26119
   381610.00000   1022629.00000         1.21101
   381610.00000   1022644.00000         1.21079
   381610.00000   1022659.00000         1.18071
   381610.00000   1022674.00000         1.25385
   381610.00000   1022689.00000         1.23251
   381610.00000   1022704.00000         1.29471
   381610.00000   1022719.00000         1.34280
   381610.00000   1022734.00000         1.27563
   381610.00000   1022749.00000         1.26433
   381610.00000   1022764.00000         1.21959
   381610.00000   1022779.00000         1.25473
   381610.00000   1022794.00000         1.31704
   381610.00000   1022809.00000         1.28681
   381610.00000   1022824.00000         1.33265
   381610.00000   1022839.00000         1.24656
   381610.00000   1022854.00000         1.25274
   381610.00000   1022869.00000         1.34046
   381610.00000   1022884.00000         1.38399
   381610.00000   1022899.00000         1.31699
   381610.00000   1022914.00000         1.38211
   381610.00000   1022929.00000         1.34815
   381610.00000   1022944.00000         1.35994
   381610.00000   1022959.00000         1.36323
   381610.00000   1022974.00000         1.28234
   381610.00000   1022989.00000         1.32782
   381610.00000   1023004.00000         1.36277
   381610.00000   1023019.00000         1.35305
   381610.00000   1023034.00000         1.39943
   381610.00000   1023049.00000         1.43024
   381610.00000   1023064.00000         1.28259
   381610.00000   1023079.00000         1.36676
   381610.00000   1023094.00000         1.33415
   381610.00000   1023109.00000         1.36185
   381610.00000   1023124.00000         1.37002
   381610.00000   1023139.00000         1.53185
   381610.00000   1023154.00000         1.75217
   381610.00000   1023169.00000         1.55633
   381610.00000   1023184.00000         1.43279
   381610.00000   1023199.00000         1.42347
   381610.00000   1023214.00000         1.48680
   381610.00000   1023229.00000         1.36388
   381610.00000   1023244.00000         1.33546
   381610.00000   1023259.00000         1.56715
   381610.00000   1023274.00000         1.31172
   381610.00000   1023289.00000         1.34747
   381610.00000   1023304.00000         1.69603
   381610.00000   1023319.00000         1.62042
   381610.00000   1023334.00000         1.63095
   381610.00000   1023349.00000         1.54636
   381610.00000   1023364.00000         1.23190
   381610.00000   1023379.00000         1.42733
   381610.00000   1023394.00000         1.40283
   381610.00000   1023409.00000         1.39808
   381610.00000   1023424.00000         1.29492
   381610.00000   1023439.00000         1.35984
   381610.00000   1023454.00000         1.27069
   381610.00000   1023469.00000         1.25945
   381610.00000   1023484.00000         1.35363
   381610.00000   1023499.00000         1.32085
   381610.00000   1023514.00000         1.33992
   381610.00000   1023529.00000         1.44147
   381610.00000   1023544.00000         1.60496
   381610.00000   1023559.00000         1.35100
   381610.00000   1023574.00000         1.35383
   381610.00000   1023589.00000         1.42339
   381610.00000   1023604.00000         1.36898
   381610.00000   1023619.00000         1.35107
   381610.00000   1023634.00000         1.34230
   381610.00000   1023649.00000         1.30566
   381610.00000   1023664.00000         1.37097
   381610.00000   1023679.00000         1.39831
   381610.00000   1023694.00000         1.27165
   381610.00000   1023709.00000         1.29837
   381610.00000   1023724.00000         1.32279
   381610.00000   1023739.00000         1.40673
   381610.00000   1023754.00000         1.33013
   381610.00000   1023769.00000         1.42079
   381610.00000   1023784.00000         1.44763
   381610.00000   1023799.00000         1.30686
   381610.00000   1023814.00000         1.30444
   381610.00000   1023829.00000         1.48935
   381610.00000   1023844.00000         1.49617
   381610.00000   1023859.00000         1.43219
   381610.00000   1023874.00000         1.47705
   381610.00000   1023889.00000         1.39794
   381610.00000   1023904.00000         1.41919
   381610.00000   1023919.00000         1.37429
   381610.00000   1023934.00000         1.42559
   381610.00000   1023949.00000         1.33015
   381610.00000   1023964.00000         1.32320
   381610.00000   1023979.00000         1.29450
   381610.00000   1023994.00000         1.26118
   381610.00000   1024009.00000         1.30474
   381610.00000   1024024.00000         1.34983
   381610.00000   1024039.00000         1.33117
   381610.00000   1024054.00000         1.38314
   381610.00000   1024069.00000         1.30178
   381610.00000   1024084.00000         1.27437
   381610.00000   1024099.00000         1.43977
   381610.00000   1024114.00000         1.53877
   381610.00000   1024129.00000         1.49791
   381610.00000   1024144.00000         1.50410
   381610.00000   1024159.00000         1.50347
   381610.00000   1024174.00000         1.50055
   381610.00000   1024189.00000         1.49493
   381610.00000   1024204.00000         1.59601
   381610.00000   1024219.00000         1.51236
   381610.00000   1024234.00000         1.59019
   381610.00000   1024249.00000         1.82121
   381610.00000   1024264.00000         1.56094
   381610.00000   1024279.00000         1.60925
   381610.00000   1024294.00000         1.66381
   381610.00000   1024309.00000         1.69869
   381610.00000   1024324.00000         1.53099
   381610.00000   1024339.00000         1.41030
   381610.00000   1024354.00000         1.45920
   381610.00000   1024369.00000         1.45988
   381610.00000   1024384.00000         1.47610
   381610.00000   1024399.00000         1.58051
   381610.00000   1024414.00000         1.46949
   381610.00000   1024429.00000         1.38885
   381610.00000   1024444.00000         1.29034
   381610.00000   1024459.00000         1.34309
   381610.00000   1024474.00000         1.36828
   381610.00000   1024489.00000         1.32730
   381610.00000   1024504.00000         1.42092
   381610.00000   1024519.00000         1.38211
   381610.00000   1024534.00000         1.40793
   381610.00000   1024549.00000         1.34136
   381610.00000   1024564.00000         1.37807
   381610.00000   1024579.00000         1.27266
   381610.00000   1024594.00000         1.34720
   381610.00000   1024609.00000         1.29458
   381610.00000   1024624.00000         1.31541
   381610.00000   1024639.00000         1.33789
   381610.00000   1024654.00000         1.27486
   381610.00000   1024669.00000         1.27463
   381610.00000   1024684.00000         1.36664
   381610.00000   1024699.00000         1.31321
   381610.00000   1024714.00000         1.24485
   381610.00000   1024729.00000         1.28133
   381610.00000   1024744.00000         1.30135
   381610.00000   1024759.00000         1.32851
   381610.00000   1024774.00000         1.35901
   381610.00000   1024789.00000         1.38622
   381610.00000   1024804.00000         1.37149
   381610.00000   1024819.00000         1.50567
   381610.00000   1024834.00000         1.39072
   381610.00000   1024849.00000         1.41743
   381610.00000   1024864.00000         1.64605
   381610.00000   1024879.00000         1.32597
   381610.00000   1024894.00000         1.28466
   381610.00000   1024909.00000         1.33844
   381610.00000   1024924.00000         1.31934
   381610.00000   1024939.00000         1.33251
   381610.00000   1024954.00000         1.36033
   381610.00000   1024969.00000         1.25843
   381610.00000   1024984.00000         1.26714
   381610.00000   1024999.00000         1.19838
   381610.00000   1025014.00000         1.22084
   381610.00000   1025029.00000         1.20769
   381610.00000   1025044.00000         1.23805
   381610.00000   1025059.00000         1.30219
   381610.00000   1025074.00000         1.33049
   381610.00000   1025089.00000         1.32157
   381610.00000   1025104.00000         1.34721
   381610.00000   1025119.00000         1.24944
   381610.00000   1025134.00000         1.24966
   381610.00000   1025149.00000         1.17255
   381610.00000   1025164.00000         1.23177
   381610.00000   1025179.00000         1.23836
   381610.00000   1025194.00000         1.35510
   381610.00000   1025209.00000         1.30507
   381610.00000   1025224.00000         1.39692
   381610.00000   1025239.00000         1.39488
   381610.00000   1025254.00000         1.39788
   381610.00000   1025269.00000         1.50082
   381610.00000   1025284.00000         1.49240
   381610.00000   1025299.00000         1.45261
   381610.00000   1025314.00000         1.56276
   381610.00000   1025329.00000         1.38100
   381610.00000   1025344.00000         1.49158
   381610.00000   1025359.00000         1.31173
   381610.00000   1025374.00000         1.38704
   381610.00000   1025389.00000         1.23462
   381610.00000   1025404.00000         1.24804
   381610.00000   1025419.00000         1.36876
   381610.00000   1025434.00000         1.30397
   381610.00000   1025449.00000         1.34624
   381610.00000   1025464.00000         1.36229
   381610.00000   1025479.00000         1.35961
   381610.00000   1025494.00000         1.32101
   381610.00000   1025509.00000         1.29640
   381610.00000   1025524.00000         1.35521
   381610.00000   1025539.00000         1.32920
   381610.00000   1025554.00000         1.35597
   381610.00000   1025569.00000         1.42984
   381610.00000   1025584.00000         1.47977
   381610.00000   1025599.00000         1.41778
   381610.00000   1025614.00000         1.42369
   381610.00000   1025629.00000         1.41362
   381610.00000   1025644.00000         1.43549
   381610.00000   1025659.00000         1.38642
   381610.00000   1025674.00000         1.42162
   381610.00000   1025689.00000         1.39976
   381610.00000   1025704.00000         1.38893
   381610.00000   1025719.00000         1.40342
   381610.00000   1025734.00000         1.40400
   381610.00000   1025749.00000         1.34429
   381610.00000   1025764.00000         1.37813
   381610.00000   1025779.00000         1.40599
   381610.00000   1025794.00000         1.44050
   381610.00000   1025809.00000         1.43157
   381610.00000   1025824.00000         1.53253
   381610.00000   1025839.00000         1.42988
   381610.00000   1025854.00000         1.49276
   381610.00000   1025869.00000         1.52297
   381610.00000   1025884.00000         1.57808
   381610.00000   1025899.00000         1.31449
   381610.00000   1025914.00000         1.22590
   381610.00000   1025929.00000         1.28866
   381610.00000   1025944.00000         1.28091
   381610.00000   1025959.00000         1.25857
   381610.00000   1025974.00000         1.25781
   381610.00000   1025989.00000         1.17932
   381610.00000   1026004.00000         1.29021
   381610.00000   1026019.00000         1.17391
   381610.00000   1026034.00000         1.29968
   381610.00000   1026049.00000         1.32378
   381610.00000   1026064.00000         1.35346
   381610.00000   1026079.00000         1.36597
   381610.00000   1026094.00000         1.30538
   381610.00000   1026109.00000         1.36910
   381610.00000   1026124.00000         1.34850
   381610.00000   1026139.00000         1.26995
   381610.00000   1026154.00000         1.16365
   381610.00000   1026169.00000         1.15645
   381610.00000   1026184.00000         1.17527
   381610.00000   1026199.00000         1.19054
   381610.00000   1026214.00000         1.19471
   381610.00000   1026229.00000         1.21051
   381610.00000   1026244.00000         1.17884
   381610.00000   1026259.00000         1.17694
   381610.00000   1026304.00000         1.16644
   381610.00000   1026319.00000         1.21791
   381610.00000   1026334.00000         1.39074
   381610.00000   1026349.00000         1.19484
   381610.00000   1026364.00000         1.23833
   381610.00000   1026379.00000         1.20531
   381610.00000   1026394.00000         1.24905
   381610.00000   1026409.00000         1.24770
   381610.00000   1026424.00000         1.27120
   381610.00000   1026439.00000         1.25687
   381610.00000   1026454.00000         1.23057
   381610.00000   1026469.00000         1.29639
   381610.00000   1026484.00000         1.31901
   381610.00000   1026499.00000         1.27856
   381610.00000   1026514.00000         1.20917
   381610.00000   1026529.00000         1.24586
   381610.00000   1026544.00000         1.15953
   381610.00000   1026559.00000         1.19773
   381610.00000   1026574.00000         1.19226
   381610.00000   1026589.00000         1.22098
   381610.00000   1026604.00000         1.24393
   381610.00000   1026619.00000         1.21572
   381610.00000   1026634.00000         1.19794
   381610.00000   1026649.00000         1.19775
   381610.00000   1026664.00000         1.19783
   381610.00000   1026679.00000         1.21506
   381610.00000   1026694.00000         1.38625
   381610.00000   1026709.00000         1.37365
   381610.00000   1026724.00000         1.27518
   381610.00000   1026739.00000         1.29308
   381610.00000   1026754.00000         1.32369
   381610.00000   1026769.00000         1.22681
   381610.00000   1026784.00000         1.24781
   381610.00000   1026799.00000         1.25075
   381610.00000   1026814.00000         1.28233
   381610.00000   1026829.00000         1.25322
   381610.00000   1026844.00000         1.25740
   381610.00000   1026859.00000         1.23969
   381610.00000   1026874.00000         1.21486
   381610.00000   1026889.00000         1.22735
   381610.00000   1026904.00000         1.28659
   381610.00000   1026919.00000         1.23757
   381610.00000   1026934.00000         1.28386
   381610.00000   1026949.00000         1.22853
   381610.00000   1026964.00000         1.31892
   381610.00000   1026979.00000         1.42770
   381610.00000   1026994.00000         1.42194
   381610.00000   1027009.00000         1.34952
   381610.00000   1027024.00000         1.37139
   381610.00000   1027039.00000         1.38771
   381610.00000   1027054.00000         1.24181
   381610.00000   1027069.00000         1.37796
   381610.00000   1027084.00000         1.40508
   381610.00000   1027099.00000         1.39029
   381610.00000   1027114.00000         1.29222
   381610.00000   1027129.00000         1.31138
   381610.00000   1027144.00000         1.42321
   381610.00000   1027159.00000         1.37269
   381610.00000   1027174.00000         1.43231
   381610.00000   1027189.00000         1.45170
   381610.00000   1027204.00000         1.44648
   381610.00000   1027219.00000         1.42126
   381610.00000   1027234.00000         1.45095
   381610.00000   1027249.00000         1.35014
   381610.00000   1027264.00000         1.33425
   381610.00000   1027279.00000         1.52156
   381610.00000   1027294.00000         1.41035
   381610.00000   1027309.00000         1.57126
   381610.00000   1027324.00000         1.40086
   381610.00000   1027339.00000         1.57573
   381610.00000   1027354.00000         1.50931
   381610.00000   1027369.00000         1.53146
   381610.00000   1027384.00000         1.49207
   381610.00000   1027444.00000         1.27934
   381610.00000   1027459.00000         1.22195
   381610.00000   1027474.00000         1.20759
   381610.00000   1027489.00000         1.12731
   381610.00000   1027504.00000         1.21428
   381610.00000   1027519.00000         1.28970
   381610.00000   1027534.00000         1.33320
   381610.00000   1027549.00000         1.26228
   381610.00000   1027564.00000         1.26385
   381610.00000   1027579.00000         1.25651
   381610.00000   1027594.00000         1.28725
   381610.00000   1027609.00000         1.25684
   381610.00000   1027624.00000         1.26389
   381610.00000   1027639.00000         1.25414
   381610.00000   1027654.00000         1.28231
   381610.00000   1027669.00000         1.25734
   381610.00000   1027684.00000         1.27852
   381610.00000   1027699.00000         1.27024
   381610.00000   1027714.00000         1.27144
   381610.00000   1027729.00000         1.22020
   381610.00000   1027744.00000         1.23029
   381610.00000   1027759.00000         1.18947
   381610.00000   1027774.00000         1.18079
   381610.00000   1027789.00000         1.22814
   381610.00000   1027804.00000         1.09789
   381610.00000   1027819.00000         1.09861
   381610.00000   1027834.00000         1.09211
   381610.00000   1027849.00000         1.14982
   381610.00000   1027864.00000         1.10993
   381610.00000   1027879.00000         1.14350
   381610.00000   1027894.00000         1.12170
   381610.00000   1027909.00000         1.09292
   381610.00000   1027924.00000         1.13804
   381610.00000   1027939.00000         1.10957
   381610.00000   1027954.00000         1.14228
   381610.00000   1027969.00000         1.13370
   381610.00000   1027984.00000         1.16506
   381610.00000   1027999.00000         1.18371
   381610.00000   1028014.00000         1.07905
   381610.00000   1028029.00000         1.08758
   381610.00000   1028044.00000         1.21404
   381610.00000   1028059.00000         1.18574
   381610.00000   1028074.00000         1.19518
   381610.00000   1028089.00000         1.15609
   381610.00000   1028104.00000         1.24246
   381610.00000   1028119.00000         1.24519
   381610.00000   1028134.00000         1.25430
   381610.00000   1028149.00000         1.26862
   381610.00000   1028164.00000         1.33066
   381610.00000   1028179.00000         1.30385
   381610.00000   1028194.00000         1.33647
   381610.00000   1028209.00000         1.28815
   381610.00000   1028224.00000         1.24219
   381610.00000   1028239.00000         1.21997
   381610.00000   1028254.00000         1.25672
   381610.00000   1028269.00000         1.23411
   381610.00000   1028284.00000         1.31883
   381610.00000   1028299.00000         1.29017
   381610.00000   1028314.00000         1.30523
   381610.00000   1028329.00000         1.18332
   381610.00000   1028344.00000         1.19194
   381610.00000   1028359.00000         1.15386
   381610.00000   1028374.00000         1.15446
   381610.00000   1028389.00000         1.14651
   381610.00000   1028404.00000         1.19562
   381610.00000   1028419.00000         1.16461
   381610.00000   1028434.00000         1.21524
   381610.00000   1028449.00000         1.24624
   381610.00000   1028464.00000         1.25222
   381610.00000   1028479.00000         1.22645
   381610.00000   1028494.00000         1.27528
   381610.00000   1028509.00000         1.22264
   381610.00000   1028524.00000         1.25333
   381610.00000   1028539.00000         1.22233
   381610.00000   1028554.00000         1.20783
   381610.00000   1028569.00000         1.25615
   381610.00000   1028584.00000         1.32902
   381610.00000   1028599.00000         1.32637
   381610.00000   1028614.00000         1.30992
   381610.00000   1028629.00000         1.31047
   381610.00000   1028644.00000         1.31987
   381610.00000   1028659.00000         1.30117
   381610.00000   1028674.00000         1.30283
   381610.00000   1028689.00000         1.28155
   381610.00000   1028704.00000         1.23700
   381610.00000   1028719.00000         1.25625
   381610.00000   1028734.00000         1.26877
   381610.00000   1028749.00000         1.31158
   381610.00000   1028764.00000         1.40112
   381610.00000   1028779.00000         1.37879
   381610.00000   1028794.00000         1.32435
   381610.00000   1028809.00000         1.33758
   381610.00000   1028824.00000         1.36144
   381610.00000   1028839.00000         1.30463
   381610.00000   1028854.00000         1.45133
   381610.00000   1028869.00000         1.28322
   381610.00000   1028884.00000         1.28152
   381610.00000   1028899.00000         1.26556
   381610.00000   1028914.00000         1.37390
   381610.00000   1028929.00000         1.19385
   381610.00000   1028944.00000         1.17508
   381610.00000   1028959.00000         1.15072
   381610.00000   1028974.00000         1.27990
   381610.00000   1028989.00000         1.31681
   381610.00000   1029004.00000         1.40306
   381610.00000   1029019.00000         1.32119
   381610.00000   1029034.00000         1.34441
   381610.00000   1029049.00000         1.23160
   381610.00000   1029064.00000         1.22871
   381610.00000   1029079.00000         1.17561
   381610.00000   1029094.00000         1.17092
   381610.00000   1029109.00000         1.11619
   381610.00000   1029124.00000         1.14746
   381610.00000   1029139.00000         1.15942
   381610.00000   1029154.00000         1.21271
   381610.00000   1029169.00000         1.18170
   381610.00000   1029184.00000         1.19981
   381610.00000   1029199.00000         1.09390
   381610.00000   1029214.00000         1.14973
   381610.00000   1029229.00000         1.18189
   381610.00000   1029244.00000         1.27808
   381610.00000   1029259.00000         1.21767
   381610.00000   1029274.00000         1.18046
   381610.00000   1029289.00000         1.10856
   381610.00000   1029304.00000         1.13895
   381610.00000   1029319.00000         1.18739
   381610.00000   1029334.00000         1.19743
   381610.00000   1029349.00000         1.16311
   381610.00000   1029364.00000         1.17240
   381610.00000   1029379.00000         1.17134
   381610.00000   1029394.00000         1.19717
   381610.00000   1029409.00000         1.16482
   381610.00000   1029424.00000         1.24675
   381610.00000   1029439.00000         1.20845
   381610.00000   1029454.00000         1.16435
   381610.00000   1029469.00000         1.18065
   381610.00000   1029484.00000         1.19971
   381610.00000   1029499.00000         1.19389
   381610.00000   1029514.00000         1.21909
   381610.00000   1029529.00000         1.19954
   381610.00000   1029544.00000         1.18831
   381610.00000   1029559.00000         1.25909
   381610.00000   1029574.00000         1.27104
   381610.00000   1029589.00000         1.24972
   381610.00000   1029604.00000         1.32604
   381610.00000   1029619.00000         1.24526
   381610.00000   1029634.00000         1.29223
   381610.00000   1029649.00000         1.19287
   381610.00000   1029664.00000         1.21700
   381610.00000   1029679.00000         1.20130
   381610.00000   1029694.00000         1.37407
   381610.00000   1029709.00000         1.32045
   381610.00000   1029724.00000         1.33125
   381610.00000   1029739.00000         1.31627
   381610.00000   1029754.00000         1.29631
   381610.00000   1029769.00000         1.29379
   381610.00000   1029784.00000         1.37588
   381610.00000   1029799.00000         1.28833
   381610.00000   1029814.00000         1.35611
   381610.00000   1029829.00000         1.38348
   381610.00000   1029844.00000         1.44843
   381610.00000   1029859.00000         1.30985
   381610.00000   1029874.00000         1.28796
   381610.00000   1029889.00000         1.22295
   381610.00000   1029904.00000         1.23050
   381610.00000   1029919.00000         1.38921
   381610.00000   1029934.00000         1.28369
   381610.00000   1029949.00000         1.34034
   381610.00000   1029964.00000         1.41778
   381610.00000   1029979.00000         1.28953
   381610.00000   1029994.00000         1.54291
   381610.00000   1030009.00000         1.22592
   381610.00000   1030024.00000         1.33255
   381610.00000   1030039.00000         1.31685
   381610.00000   1030054.00000         1.27677
   381610.00000   1030069.00000         1.27876
   381610.00000   1030084.00000         1.40726
   381610.00000   1030099.00000         1.35332
   381610.00000   1030114.00000         1.31986
   381610.00000   1030129.00000         1.64001
   381610.00000   1030144.00000         1.58585
   381610.00000   1030159.00000         1.67665
   381610.00000   1030174.00000         1.33190
   381610.00000   1030189.00000         1.38494
   381610.00000   1030204.00000         1.70378
   381610.00000   1030219.00000         1.52682
   381610.00000   1030234.00000         1.51021
   381625.00000   1017514.00000         1.52509
   381625.00000   1017664.00000         1.58837
   381625.00000   1017739.00000         1.34270
   381625.00000   1017814.00000         1.37149
   381625.00000   1017889.00000         1.41813
   381625.00000   1017964.00000         1.33222
   381625.00000   1018039.00000         1.56681
   381625.00000   1018114.00000         1.49355
   381625.00000   1018189.00000         1.32769
   381625.00000   1018264.00000         1.43455
   381625.00000   1018339.00000         1.30118
   381625.00000   1018414.00000         1.38325
   381625.00000   1018714.00000         1.29654
   381625.00000   1018789.00000         1.25571
   381625.00000   1018864.00000         1.28941
   381625.00000   1018939.00000         1.37945
   381625.00000   1019014.00000         1.21637
   381625.00000   1019089.00000         1.22826
   381625.00000   1019164.00000         1.41567
   381625.00000   1019239.00000         1.50872
   381625.00000   1019314.00000         1.51333
   381625.00000   1019389.00000         1.27792
   381625.00000   1019464.00000         1.39945
   381625.00000   1019614.00000         1.62989
   381625.00000   1019689.00000         1.62378
   381625.00000   1019764.00000         1.41899
   381625.00000   1019839.00000         1.25952
   381625.00000   1019914.00000         1.43740
   381625.00000   1019974.00000         1.62585
   381625.00000   1019989.00000         1.50473
   381625.00000   1020064.00000         1.39177
   381625.00000   1020139.00000         1.42951
   381625.00000   1020214.00000         1.31636
   381625.00000   1020289.00000         1.24785
   381625.00000   1020364.00000         1.49534
   381625.00000   1020439.00000         1.36838
   381625.00000   1020514.00000         1.39126
   381625.00000   1020589.00000         1.37020
   381625.00000   1020664.00000         1.32299
   381625.00000   1020739.00000         1.19641
   381625.00000   1020814.00000         1.33094
   381625.00000   1020889.00000         1.29577
   381625.00000   1020964.00000         1.14617
   381625.00000   1021039.00000         1.14338
   381625.00000   1021114.00000         1.24497
   381625.00000   1021189.00000         1.21837
   381625.00000   1021264.00000         1.20980
   381625.00000   1021339.00000         1.25211
   381625.00000   1021414.00000         1.23733
   381625.00000   1021489.00000         1.35934
   381625.00000   1021564.00000         1.36635
   381625.00000   1021639.00000         1.25121
   381625.00000   1021714.00000         1.27504
   381625.00000   1021789.00000         1.27901
   381625.00000   1021864.00000         1.41304
   381625.00000   1021939.00000         1.12624
   381625.00000   1022014.00000         1.33592
   381625.00000   1022089.00000         1.27734
   381625.00000   1022164.00000         1.32145
   381625.00000   1022239.00000         1.25356
   381625.00000   1022314.00000         1.31728
   381625.00000   1022389.00000         1.34395
   381625.00000   1022464.00000         1.34435
   381625.00000   1022539.00000         1.40827
   381625.00000   1022614.00000         1.23381
   381625.00000   1022689.00000         1.27668
   381625.00000   1022764.00000         1.31784
   381625.00000   1022839.00000         1.28395
   381625.00000   1022914.00000         1.28213
   381625.00000   1022989.00000         1.33291
   381625.00000   1023064.00000         1.34396
   381625.00000   1023139.00000         1.53277
   381625.00000   1023214.00000         1.51065
   381625.00000   1023289.00000         1.35139
   381625.00000   1023364.00000         1.25721
   381625.00000   1023439.00000         1.33560
   381625.00000   1023514.00000         1.44157
   381625.00000   1023589.00000         1.28568
   381625.00000   1023664.00000         1.32728
   381625.00000   1023739.00000         1.41716
   381625.00000   1023814.00000         1.40722
   381625.00000   1023889.00000         1.43716
   381625.00000   1023964.00000         1.37931
   381625.00000   1024039.00000         1.35830
   381625.00000   1024114.00000         1.36947
   381625.00000   1024189.00000         1.48870
   381625.00000   1024264.00000         1.62058
   381625.00000   1024339.00000         1.77687
   381625.00000   1024414.00000         1.36453
   381625.00000   1024489.00000         1.31609
   381625.00000   1024564.00000         1.50664
   381625.00000   1024639.00000         1.38821
   381625.00000   1024714.00000         1.30775
   381625.00000   1024744.00000         1.34667
   381625.00000   1024789.00000         1.30993
   381625.00000   1024864.00000         1.36500
   381625.00000   1024939.00000         1.37413
   381625.00000   1025014.00000         1.32020
   381625.00000   1025089.00000         1.29830
   381625.00000   1025164.00000         1.31107
   381625.00000   1025239.00000         1.38325
   381625.00000   1025314.00000         1.57220
   381625.00000   1025389.00000         1.34985
   381625.00000   1025464.00000         1.45733
   381625.00000   1025539.00000         1.26825
   381625.00000   1025614.00000         1.36378
   381625.00000   1025689.00000         1.43765
   381625.00000   1025764.00000         1.42968
   381625.00000   1025839.00000         1.39070
   381625.00000   1025914.00000         1.29091
   381625.00000   1025989.00000         1.29741
   381625.00000   1026064.00000         1.34547
   381625.00000   1026139.00000         1.29615
   381625.00000   1026214.00000         1.22782
   381625.00000   1026364.00000         1.28627
   381625.00000   1026439.00000         1.28514
   381625.00000   1026514.00000         1.35064
   381625.00000   1026589.00000         1.21396
   381625.00000   1026664.00000         1.19412
   381625.00000   1026739.00000         1.21109
   381625.00000   1026814.00000         1.26926
   381625.00000   1026889.00000         1.25530
   381625.00000   1026964.00000         1.29152
   381625.00000   1027039.00000         1.44772
   381625.00000   1027114.00000         1.24575
   381625.00000   1027189.00000         1.42970
   381625.00000   1027264.00000         1.36981
   381625.00000   1027339.00000         1.55237
   381625.00000   1027489.00000         1.24730
   381625.00000   1027564.00000         1.28172
   381625.00000   1027639.00000         1.30020
   381625.00000   1027714.00000         1.29001
   381625.00000   1027789.00000         1.24158
   381625.00000   1027864.00000         1.21299
   381625.00000   1027939.00000         1.24131
   381625.00000   1028014.00000         1.15953
   381625.00000   1028089.00000         1.32987
   381625.00000   1028164.00000         1.20777
   381625.00000   1028239.00000         1.37210
   381625.00000   1028314.00000         1.22084
   381625.00000   1028389.00000         1.15506
   381625.00000   1028464.00000         1.20289
   381625.00000   1028539.00000         1.24594
   381625.00000   1028614.00000         1.31643
   381625.00000   1028689.00000         1.33172
   381625.00000   1028764.00000         1.44203
   381625.00000   1028839.00000         1.43505
   381625.00000   1028914.00000         1.45613
   381625.00000   1028989.00000         1.33249
   381625.00000   1029064.00000         1.26976
   381625.00000   1029139.00000         1.11165
   381625.00000   1029214.00000         1.20565
   381625.00000   1029289.00000         1.20175
   381625.00000   1029364.00000         1.18592
   381625.00000   1029439.00000         1.18459
   381625.00000   1029514.00000         1.23268
   381625.00000   1029589.00000         1.29402
   381625.00000   1029664.00000         1.20740
   381625.00000   1029739.00000         1.21832
   381625.00000   1029814.00000         1.39089
   381625.00000   1029889.00000         1.19902
   381625.00000   1029964.00000         1.34716
   381625.00000   1030039.00000         1.37555
   381625.00000   1030114.00000         1.66739
   381625.00000   1030189.00000         1.58606
   381640.00000   1017514.00000         1.49298
   381640.00000   1017664.00000         1.55268
   381640.00000   1017739.00000         1.40474
   381640.00000   1017814.00000         1.33727
   381640.00000   1017889.00000         1.34272
   381640.00000   1017964.00000         1.34618
   381640.00000   1018039.00000         1.44738
   381640.00000   1018114.00000         1.49117
   381640.00000   1018189.00000         1.30696
   381640.00000   1018264.00000         1.34779
   381640.00000   1018339.00000         1.30139
   381640.00000   1018414.00000         1.38177
   381640.00000   1018789.00000         1.37017
   381640.00000   1018864.00000         1.26286
   381640.00000   1018939.00000         1.30883
   381640.00000   1019014.00000         1.18199
   381640.00000   1019089.00000         1.33835
   381640.00000   1019164.00000         1.41911
   381640.00000   1019239.00000         1.50913
   381640.00000   1019314.00000         1.51222
   381640.00000   1019389.00000         1.42075
   381640.00000   1019464.00000         1.33705
   381640.00000   1019614.00000         1.65604
   381640.00000   1019689.00000         1.37303
   381640.00000   1019764.00000         1.28240
   381640.00000   1019839.00000         1.30805
   381640.00000   1019914.00000         1.43119
   381640.00000   1019989.00000         1.56522
   381640.00000   1020064.00000         1.35549
   381640.00000   1020139.00000         1.35399
   381640.00000   1020214.00000         1.22388
   381640.00000   1020289.00000         1.18846
   381640.00000   1020364.00000         1.29467
   381640.00000   1020439.00000         1.29548
   381640.00000   1020514.00000         1.32436
   381640.00000   1020589.00000         1.33763
   381640.00000   1020664.00000         1.21465
   381640.00000   1020739.00000         1.18008
   381640.00000   1020814.00000         1.24935
   381640.00000   1020889.00000         1.21064
   381640.00000   1020964.00000         1.16112
   381640.00000   1021039.00000         1.20116
   381640.00000   1021114.00000         1.20318
   381640.00000   1021189.00000         1.21137
   381640.00000   1021264.00000         1.20091
   381640.00000   1021339.00000         1.29846
   381640.00000   1021414.00000         1.30797
   381640.00000   1021489.00000         1.36417
   381640.00000   1021564.00000         1.28807
   381640.00000   1021639.00000         1.24296
   381640.00000   1021714.00000         1.31565
   381640.00000   1021789.00000         1.24320
   381640.00000   1021864.00000         1.36563
   381640.00000   1021939.00000         1.16281
   381640.00000   1022014.00000         1.37058
   381640.00000   1022089.00000         1.23451
   381640.00000   1022164.00000         1.30785
   381640.00000   1022239.00000         1.28206
   381640.00000   1022314.00000         1.31132
   381640.00000   1022389.00000         1.37324
   381640.00000   1022464.00000         1.40493
   381640.00000   1022539.00000         1.29982
   381640.00000   1022614.00000         1.29834
   381640.00000   1022689.00000         1.20715
   381640.00000   1022764.00000         1.29927
   381640.00000   1022839.00000         1.25682
   381640.00000   1022914.00000         1.34362
   381640.00000   1022989.00000         1.41051
   381640.00000   1023064.00000         1.33278
   381640.00000   1023139.00000         1.42218
   381640.00000   1023214.00000         1.47231
   381640.00000   1023289.00000         1.55758
   381640.00000   1023364.00000         1.35639
   381640.00000   1023439.00000         1.26528
   381640.00000   1023514.00000         1.38508
   381640.00000   1023589.00000         1.48777
   381640.00000   1023664.00000         1.23000
   381640.00000   1023739.00000         1.44783
   381640.00000   1023814.00000         1.41544
   381640.00000   1023889.00000         1.44535
   381640.00000   1023964.00000         1.29877
   381640.00000   1024039.00000         1.32632
   381640.00000   1024114.00000         1.39378
   381640.00000   1024189.00000         1.48442
   381640.00000   1024264.00000         1.64229
   381640.00000   1024339.00000         1.73174
   381640.00000   1024414.00000         1.40132
   381640.00000   1024489.00000         1.27204
   381640.00000   1024564.00000         1.47593
   381640.00000   1024639.00000         1.39787
   381640.00000   1024714.00000         1.42599
   381640.00000   1024729.00000         1.32244
   381640.00000   1024744.00000         1.32978
   381640.00000   1024789.00000         1.36687
   381640.00000   1024864.00000         1.43577
   381640.00000   1024939.00000         1.30231
   381640.00000   1025014.00000         1.27524
   381640.00000   1025089.00000         1.29981
   381640.00000   1025164.00000         1.22046
   381640.00000   1025239.00000         1.38217
   381640.00000   1025314.00000         1.45694
   381640.00000   1025389.00000         1.37565
   381640.00000   1025464.00000         1.38824
   381640.00000   1025539.00000         1.22816
   381640.00000   1025614.00000         1.40782
   381640.00000   1025689.00000         1.43454
   381640.00000   1025764.00000         1.45324
   381640.00000   1025839.00000         1.41115
   381640.00000   1025914.00000         1.23806
   381640.00000   1025989.00000         1.28545
   381640.00000   1026064.00000         1.35556
   381640.00000   1026139.00000         1.22752
   381640.00000   1026214.00000         1.19306
   381640.00000   1026364.00000         1.31965
   381640.00000   1026439.00000         1.25846
   381640.00000   1026514.00000         1.21479
   381640.00000   1026589.00000         1.22297
   381640.00000   1026664.00000         1.20058
   381640.00000   1026739.00000         1.23122
   381640.00000   1026814.00000         1.25687
   381640.00000   1026889.00000         1.23748
   381640.00000   1026964.00000         1.28494
   381640.00000   1027039.00000         1.32211
   381640.00000   1027114.00000         1.29346
   381640.00000   1027189.00000         1.44915
   381640.00000   1027264.00000         1.37893
   381640.00000   1027339.00000         1.60576
   381640.00000   1027489.00000         1.36108
   381640.00000   1027564.00000         1.21850
   381640.00000   1027639.00000         1.28767
   381640.00000   1027714.00000         1.26030
   381640.00000   1027789.00000         1.17362
   381640.00000   1027864.00000         1.17179
   381640.00000   1027939.00000         1.25575
   381640.00000   1028014.00000         1.16170
   381640.00000   1028089.00000         1.15224
   381640.00000   1028164.00000         1.24866
   381640.00000   1028239.00000         1.31898
   381640.00000   1028314.00000         1.19009
   381640.00000   1028389.00000         1.13396
   381640.00000   1028464.00000         1.19546
   381640.00000   1028539.00000         1.16934
   381640.00000   1028614.00000         1.26574
   381640.00000   1028689.00000         1.28941
   381640.00000   1028764.00000         1.52470
   381640.00000   1028839.00000         1.36461
   381640.00000   1028914.00000         1.35529
   381640.00000   1028989.00000         1.36504
   381640.00000   1029064.00000         1.27695
   381640.00000   1029139.00000         1.09099
   381640.00000   1029214.00000         1.15075
   381640.00000   1029289.00000         1.16641
   381640.00000   1029364.00000         1.15269
   381640.00000   1029439.00000         1.18547
   381640.00000   1029514.00000         1.29350
   381640.00000   1029589.00000         1.19921
   381640.00000   1029664.00000         1.19930
   381640.00000   1029739.00000         1.19500
   381640.00000   1029814.00000         1.41873
   381640.00000   1029889.00000         1.41250
   381640.00000   1029964.00000         1.38798
   381640.00000   1030039.00000         1.41919
   381640.00000   1030114.00000         1.30295
   381640.00000   1030189.00000         1.56633
   381655.00000   1017514.00000         1.51608
   381655.00000   1017664.00000         1.48178
   381655.00000   1017739.00000         1.36402
   381655.00000   1017814.00000         1.32472
   381655.00000   1017889.00000         1.50809
   381655.00000   1017964.00000         1.37190
   381655.00000   1018039.00000         1.38151
   381655.00000   1018114.00000         1.42355
   381655.00000   1018189.00000         1.32212
   381655.00000   1018264.00000         1.31942
   381655.00000   1018339.00000         1.25914
   381655.00000   1018414.00000         1.40404
   381655.00000   1018789.00000         1.31536
   381655.00000   1018864.00000         1.44890
   381655.00000   1018939.00000         1.26382
   381655.00000   1019014.00000         1.18674
   381655.00000   1019089.00000         1.30016
   381655.00000   1019164.00000         1.41116
   381655.00000   1019239.00000         1.58864
   381655.00000   1019314.00000         1.44938
   381655.00000   1019389.00000         1.32832
   381655.00000   1019464.00000         1.23855
   381655.00000   1019614.00000         1.38052
   381655.00000   1019689.00000         1.20596
   381655.00000   1019764.00000         1.29845
   381655.00000   1019839.00000         1.35231
   381655.00000   1019914.00000         1.34662
   381655.00000   1019989.00000         1.49013
   381655.00000   1020064.00000         1.40721
   381655.00000   1020139.00000         1.30251
   381655.00000   1020214.00000         1.18819
   381655.00000   1020289.00000         1.24065
   381655.00000   1020364.00000         1.25158
   381655.00000   1020439.00000         1.38860
   381655.00000   1020514.00000         1.34779
   381655.00000   1020589.00000         1.44309
   381655.00000   1020664.00000         1.28890
   381655.00000   1020739.00000         1.17037
   381655.00000   1020814.00000         1.22058
   381655.00000   1020889.00000         1.19581
   381655.00000   1020964.00000         1.14004
   381655.00000   1021039.00000         1.14034
   381655.00000   1021114.00000         1.22478
   381655.00000   1021189.00000         1.18539
   381655.00000   1021264.00000         1.22450
   381655.00000   1021339.00000         1.25418
   381655.00000   1021414.00000         1.34682
   381655.00000   1021489.00000         1.42108
   381655.00000   1021564.00000         1.27866
   381655.00000   1021639.00000         1.24004
   381655.00000   1021714.00000         1.37114
   381655.00000   1021789.00000         1.21864
   381655.00000   1021864.00000         1.26101
   381655.00000   1021939.00000         1.16529
   381655.00000   1022014.00000         1.44530
   381655.00000   1022089.00000         1.21957
   381655.00000   1022164.00000         1.31644
   381655.00000   1022239.00000         1.29376
   381655.00000   1022314.00000         1.40906
   381655.00000   1022389.00000         1.31013
   381655.00000   1022464.00000         1.48528
   381655.00000   1022539.00000         1.30672
   381655.00000   1022614.00000         1.31675
   381655.00000   1022689.00000         1.27263
   381655.00000   1022764.00000         1.41995
   381655.00000   1022839.00000         1.30920
   381655.00000   1022914.00000         1.33998
   381655.00000   1022989.00000         1.42451
   381655.00000   1023064.00000         1.30750
   381655.00000   1023139.00000         1.58658
   381655.00000   1023214.00000         1.47126
   381655.00000   1023289.00000         1.29115
   381655.00000   1023364.00000         1.42102
   381655.00000   1023439.00000         1.33918
   381655.00000   1023514.00000         1.35845
   381655.00000   1023589.00000         1.50671
   381655.00000   1023664.00000         1.28483
   381655.00000   1023739.00000         1.47718
   381655.00000   1023814.00000         1.38992
   381655.00000   1023889.00000         1.42072
   381655.00000   1023964.00000         1.30734
   381655.00000   1024039.00000         1.32792
   381655.00000   1024114.00000         1.44250
   381655.00000   1024189.00000         1.49248
   381655.00000   1024264.00000         1.53496
   381655.00000   1024339.00000         1.75281
   381655.00000   1024414.00000         1.37106
   381655.00000   1024489.00000         1.27600
   381655.00000   1024564.00000         1.40251
   381655.00000   1024639.00000         1.47894
   381655.00000   1024714.00000         1.32601
   381655.00000   1024729.00000         1.31597
   381655.00000   1024789.00000         1.38608
   381655.00000   1024864.00000         1.49728
   381655.00000   1024939.00000         1.34588
   381655.00000   1025014.00000         1.27779
   381655.00000   1025089.00000         1.35851
   381655.00000   1025164.00000         1.24680
   381655.00000   1025239.00000         1.31830
   381655.00000   1025314.00000         1.77132
   381655.00000   1025389.00000         1.35454
   381655.00000   1025464.00000         1.29827
   381655.00000   1025539.00000         1.22096
   381655.00000   1025614.00000         1.41439
   381655.00000   1025689.00000         1.44625
   381655.00000   1025764.00000         1.48750
   381655.00000   1025839.00000         1.48740
   381655.00000   1025914.00000         1.49919
   381655.00000   1025989.00000         1.41560
   381655.00000   1026064.00000         1.30795
   381655.00000   1026139.00000         1.34999
   381655.00000   1026214.00000         1.23895
   381655.00000   1026364.00000         1.26740
   381655.00000   1026439.00000         1.19418
   381655.00000   1026514.00000         1.19379
   381655.00000   1026589.00000         1.26383
   381655.00000   1026664.00000         1.25645
   381655.00000   1026739.00000         1.26557
   381655.00000   1026814.00000         1.24969
   381655.00000   1026889.00000         1.29984
   381655.00000   1026964.00000         1.20586
   381655.00000   1027039.00000         1.36432
   381655.00000   1027114.00000         1.37257
   381655.00000   1027189.00000         1.52607
   381655.00000   1027264.00000         1.42953
   381655.00000   1027489.00000         1.32382
   381655.00000   1027564.00000         1.25758
   381655.00000   1027639.00000         1.17076
   381655.00000   1027714.00000         1.27628
   381655.00000   1027789.00000         1.20502
   381655.00000   1027864.00000         1.20209
   381655.00000   1027939.00000         1.17639
   381655.00000   1028014.00000         1.18989
   381655.00000   1028089.00000         1.15909
   381655.00000   1028164.00000         1.33119
   381655.00000   1028239.00000         1.27168
   381655.00000   1028314.00000         1.22070
   381655.00000   1028389.00000         1.13875
   381655.00000   1028464.00000         1.22006
   381655.00000   1028539.00000         1.17664
   381655.00000   1028614.00000         1.30088
   381655.00000   1028689.00000         1.30628
   381655.00000   1028764.00000         1.58183
   381655.00000   1028839.00000         1.49434
   381655.00000   1028914.00000         1.35481
   381655.00000   1028989.00000         1.41808
   381655.00000   1029064.00000         1.28125
   381655.00000   1029139.00000         1.12008
   381655.00000   1029214.00000         1.26058
   381655.00000   1029289.00000         1.21343
   381655.00000   1029364.00000         1.16788
   381655.00000   1029439.00000         1.19298
   381655.00000   1029514.00000         1.25234
   381655.00000   1029589.00000         1.27049
   381655.00000   1029664.00000         1.28260
   381655.00000   1029739.00000         1.32405
   381655.00000   1029814.00000         1.40462
   381655.00000   1029889.00000         1.67636
   381655.00000   1029964.00000         1.47279
   381655.00000   1030039.00000         1.32210
   381655.00000   1030114.00000         1.47131
   381655.00000   1030189.00000         1.60079
